20,0
20,2
22,7
13,4
13,1
13,3
17,4
17,1
17,3
18,5
18,1
18,3
22,4
21,4
21,1
21,3
15,4
16,1
16,3
15,5
15,1
15,3
14,1
14,3
22,5
22,1
22,3
23,35
12,4
12,1
12,3
11,4
11,1
11,3
20,4
20,3
2,1
2,3
1,1
1,3
20,30
20,29
20,28
20,27
20,26
20,25
20,24
20,23
20,22
20,21
20,20
20,19
20,18
20,17
20,16
20,15
20,14
20,13
20,12
20,11
20,10
20,9
20,8
20,7
20,6
20,1
20,5
0,408
0,0
23,34
23,33
23,32
23,31
23,30
23,29
23,28
23,27
23,26
23,25
23,24
23,23
23,22
23,21
23,20
23,19
23,18
23,17
23,16
23,15
23,14
23,13
23,12
23,11
23,10
23,9
23,8
23,7
23,6
23,5
23,4
23,3
23,2
23,0
